# bool_form/data/unsat_1_/40_125_25.dat
public static int populationSize = 35;
	public static double crossoverProbability = 0.7;
	public static double mutationProbability = 0.05;
	public static int maxGeneration = 500;
	public static int maxGenerationWithoutImprovement = maxGeneration / 4;
	public static int tournamentCapacity = 5;
	public static int sharedFitnessThreshold = 1;
0.001 305
0.002 316
0.003 316
0.004 316
0.005 316
0.006 316
0.007 316
0.008 316
0.009000000000000001 316
0.010000000000000002 316
0.011000000000000003 316
0.012000000000000004 316
0.013000000000000005 316
0.014000000000000005 316
0.015000000000000006 316
0.016000000000000007 316
0.017000000000000008 316
0.01800000000000001 316
0.01900000000000001 316
0.02000000000000001 316
0.02100000000000001 316
0.022000000000000013 316
0.023000000000000013 316
0.024000000000000014 316
0.025000000000000015 315
0.026000000000000016 315
0.027000000000000017 316
0.028000000000000018 315
0.02900000000000002 315
0.03000000000000002 314
0.03100000000000002 314
0.03200000000000002 314
0.03300000000000002 313
0.03400000000000002 311
0.035000000000000024 309
0.036000000000000025 304
0.037000000000000026 298
0.03800000000000003 295
0.03900000000000003 294
0.04000000000000003 277
0.04100000000000003 275
0.04200000000000003 247
0.04300000000000003 257
0.04400000000000003 263
0.04500000000000003 255
0.046000000000000034 248
0.047000000000000035 233
0.048000000000000036 231
0.04900000000000004 233