public int populationSize = 35;
	public double crossoverProbability = 0.7;
	public double mutationProbability = 0.01;
	public int maxGeneration = 500;
	public int maxGenerationWithoutImprovement = maxGeneration / 4;
	public int tournamentCapacity = 5;
	public int sharedFitnessThreshold = 1;
0.001 222
0.002 231
0.003 241
0.004 234
0.005 239
0.006 253
0.007 253
0.008 245
0.009000000000000001 249
0.010000000000000002 251
0.011000000000000003 253
0.012000000000000004 253
0.013000000000000005 249
0.014000000000000005 254
0.015000000000000006 258
0.016000000000000007 261
0.017000000000000008 259
0.01800000000000001 267
0.01900000000000001 263
0.02000000000000001 261
0.02100000000000001 267
0.022000000000000013 272
0.023000000000000013 268
0.024000000000000014 268
0.025000000000000015 262
0.026000000000000016 266
0.027000000000000017 268
0.028000000000000018 274
0.02900000000000002 269
0.03000000000000002 265
0.03100000000000002 272
0.03200000000000002 280
0.03300000000000002 270
0.03400000000000002 264
0.035000000000000024 272
0.036000000000000025 271
0.037000000000000026 263
0.03800000000000003 262
0.03900000000000003 266
0.04000000000000003 258
0.04100000000000003 254
0.04200000000000003 251
0.04300000000000003 248
0.04400000000000003 245
0.04500000000000003 238
0.046000000000000034 239
0.047000000000000035 236
0.048000000000000036 226
0.04900000000000004 232
