p cnf 60 800
9 7 1 17 10 15 14 27 20 10 6 32 36 3 27 26 4 33 10 19 25 7 25 10 21 5 4 31 2 9 30 3 8 31 20 11 39 26 38 11 29 36 3 17 39 30 4 35 15 14 14 33 13 31 33 34 36 29 18 3 0
30 21 8 0
-38 24 4 0
-50 23 -48 0
31 18 -26 0
46 -42 12 0
24 55 47 0
-30 22 -17 0
-14 43 4 0
34 57 -22 0
-30 35 16 0
-5 34 12 0
-21 44 -19 0
-51 -2 -47 0
1 49 33 0
9 21 -36 0
-2 60 33 0
-28 -51 27 0
-4 2 51 0
11 -1 27 0
-15 9 21 0
18 54 -26 0
-50 31 -7 0
-35 -5 -36 0
7 -8 -34 0
8 -45 9 0
-18 36 25 0
15 20 -10 0
-34 -45 -54 0
-55 -4 -21 0
52 13 -42 0
37 52 -2 0
58 -2 24 0
50 -40 -32 0
28 -30 -27 0
7 -20 -42 0
59 -29 -3 0
47 -49 52 0
52 6 -34 0
-50 41 51 0
-44 40 -39 0
-40 -8 2 0
-28 50 38 0
29 -38 -60 0
38 -16 -40 0
-36 46 -34 0
-15 -25 1 0
-25 15 -39 0
-7 30 -35 0
-22 24 4 0
-12 46 -30 0
47 60 28 0
-37 19 22 0
-16 -13 40 0
58 5 50 0
-57 40 -2 0
-56 48 -33 0
25 56 -55 0
13 -21 5 0
-58 -13 60 0
-9 46 23 0
5 -29 25 0
-41 -4 -35 0
-20 -42 -35 0
-25 40 -3 0
-28 -33 4 0
39 59 42 0
2 5 52 0
58 -43 24 0
32 46 37 0
-33 20 -13 0
35 -43 -25 0
6 31 13 0
39 -9 -27 0
56 45 -48 0
4 16 20 0
-21 -28 10 0
-30 51 21 0
33 -2 -46 0
1 55 38 0
-24 16 -56 0
53 -55 31 0
-48 19 9 0
18 55 -1 0
43 54 33 0
20 -47 -32 0
-59 26 -51 0
24 -52 25 0
15 17 4 0
-31 -51 47 0
45 -21 48 0
-13 -35 46 0
22 -43 -16 0
-25 14 44 0
4 -55 1 0
-42 -52 -47 0
33 -8 -6 0
-18 -38 -60 0
-36 -25 35 0
-51 9 60 0
-51 -28 -48 0
-48 -22 5 0
58 -43 5 0
20 23 42 0
42 59 48 0
3 26 -35 0
-6 -32 -11 0
-60 -37 -53 0
-33 -43 6 0
33 -57 6 0
1 38 -17 0
-1 17 -6 0
15 44 -9 0
15 -48 -56 0
57 -26 -15 0
-54 38 25 0
-19 -57 -54 0
-50 57 -16 0
14 1 23 0
2 29 -35 0
15 53 34 0
56 -7 -18 0
-21 4 41 0
-15 2 -59 0
-59 19 -42 0
-16 -13 15 0
-37 45 32 0
3 -1 -7 0
31 58 -17 0
32 -33 -55 0
43 -30 44 0
-56 14 54 0
-33 -52 12 0
-56 -44 24 0
9 43 -41 0
-36 -58 -3 0
-8 -54 19 0
-34 23 41 0
43 20 60 0
-24 38 -15 0
25 52 -42 0
45 -17 -22 0
40 -17 7 0
13 58 -37 0
58 -49 -26 0
-57 56 19 0
5 21 39 0
20 -60 51 0
45 23 -50 0
-4 -41 -48 0
52 -11 -27 0
-56 -26 -43 0
51 26 28 0
-42 -31 -16 0
-3 -31 -45 0
9 -41 -47 0
-55 28 31 0
43 35 -1 0
-31 36 40 0
23 1 -30 0
-35 -33 -22 0
21 40 -54 0
29 28 -25 0
-21 5 52 0
15 55 23 0
-52 -56 44 0
52 -27 57 0
52 -47 -60 0
7 52 43 0
8 -37 -22 0
-6 25 15 0
-32 8 -39 0
40 -26 -2 0
-29 -40 -52 0
21 49 -35 0
-12 44 -31 0
-8 53 1 0
-54 32 36 0
-42 6 20 0
42 15 55 0
28 21 -29 0
28 8 57 0
45 -52 8 0
-15 6 43 0
5 47 -40 0
5 -37 50 0
-24 48 3 0
-12 -54 -33 0
56 -23 -2 0
46 37 -34 0
60 -12 10 0
52 -49 -23 0
-51 -1 22 0
53 -45 55 0
-60 35 -25 0
-29 56 44 0
-34 -30 -5 0
-38 52 18 0
55 -49 -30 0
33 -49 22 0
-32 23 59 0
47 43 -50 0
26 -58 12 0
41 -55 -2 0
-25 -22 60 0
-46 -28 -47 0
-19 35 -45 0
44 -42 52 0
50 27 46 0
16 33 42 0
-50 44 39 0
-46 -55 -17 0
53 6 -29 0
-51 29 1 0
-22 -45 4 0
37 -26 38 0
-30 57 22 0
24 -27 -46 0
-4 6 -26 0
58 11 39 0
38 11 14 0
-22 55 -1 0
-12 36 41 0
-26 18 10 0
-34 -26 -16 0
-39 -37 -19 0
58 8 11 0
-6 35 24 0
10 -21 26 0
-40 -60 39 0
-48 26 -34 0
28 26 44 0
60 55 -13 0
6 -19 -57 0
-15 -60 -30 0
51 -21 28 0
-10 -49 -43 0
-29 51 42 0
-8 -57 -39 0
47 -58 -29 0
40 6 -13 0
21 13 47 0
-20 -25 -24 0
-9 7 -21 0
6 13 -56 0
52 -50 36 0
12 59 17 0
34 41 -37 0
8 -54 7 0
-14 60 -55 0
41 12 7 0
28 -21 46 0
-17 42 -36 0
22 -26 -57 0
53 -59 -17 0
-1 -19 13 0
19 14 -38 0
26 -10 -35 0
35 7 -22 0
-57 37 15 0
17 -7 14 0
-6 -42 28 0
-4 6 -19 0
11 35 55 0
55 49 48 0
-9 36 -51 0
37 -22 -18 0
34 27 56 0
34 8 -56 0
13 51 14 0
-6 -9 -45 0
-20 4 -13 0
-50 -38 -8 0
-6 -53 -34 0
18 5 29 0
37 -58 -26 0
-58 -56 16 0
-22 19 -3 0
23 -40 -13 0
31 -1 2 0
-5 -54 7 0
7 -4 9 0
51 -27 -22 0
8 -50 -33 0
-51 -37 18 0
30 6 -2 0
11 -28 8 0
26 -13 -17 0
-11 -3 -24 0
-33 -13 10 0
39 24 21 0
50 -47 58 0
-50 59 -6 0
-39 -28 -25 0
52 41 -59 0
17 11 -21 0
-10 20 -24 0
45 54 -37 0
-18 -38 -44 0
-42 32 7 0
-6 -22 -60 0
-45 -14 -9 0
-35 59 -4 0
55 -1 -4 0
-34 20 -41 0
-29 -18 -20 0
43 -44 10 0
-14 -30 -10 0
39 -18 59 0
4 45 12 0
59 10 -7 0
48 -42 41 0
-42 -51 -23 0
32 -25 -24 0
40 37 54 0
-8 -60 50 0
13 59 14 0
55 -50 -49 0
-9 -30 -19 0
25 -23 16 0
11 1 4 0
-6 60 -23 0
-54 -27 46 0
-56 -12 -39 0
53 45 33 0
20 -54 28 0
-20 -12 40 0
20 18 37 0
-47 -55 -15 0
35 -10 36 0
13 48 -34 0
6 46 45 0
28 9 -10 0
27 52 17 0
60 51 20 0
-51 -21 54 0
-21 55 44 0
30 -26 -6 0
44 -60 -14 0
-11 14 54 0
-13 -2 51 0
-31 19 -28 0
-25 59 -36 0
-22 -16 39 0
-27 -48 -1 0
10 16 -2 0
-4 -54 -51 0
-5 59 4 0
31 28 59 0
-9 -30 17 0
60 -13 -6 0
-22 38 -11 0
41 -25 20 0
-24 -58 7 0
55 35 28 0
-15 53 4 0
33 8 -23 0
39 -29 -52 0
-6 5 -8 0
-32 -41 39 0
-49 -10 -55 0
-5 -27 -58 0
-4 20 22 0
19 30 -26 0
-58 39 -23 0
15 -48 45 0
-8 -41 24 0
56 -34 31 0
-22 -15 36 0
48 -51 -37 0
19 -1 43 0
-50 -40 37 0
32 -1 58 0
-51 -38 50 0
36 9 60 0
-51 -48 -26 0
28 14 50 0
-38 48 -36 0
-26 -4 18 0
-4 12 18 0
3 -42 20 0
-44 -26 57 0
15 -32 20 0
-42 4 -9 0
52 -28 45 0
44 -40 -16 0
-46 38 -12 0
11 15 12 0
58 47 33 0
-4 2 -17 0
-51 -26 -28 0
4 31 47 0
-29 -30 25 0
-42 -11 24 0
-17 4 9 0
11 25 31 0
3 -17 28 0
19 46 -49 0
-46 -37 15 0
-58 -4 -20 0
-1 9 -54 0
-1 7 47 0
38 -47 4 0
9 -7 -38 0
60 58 42 0
17 -39 49 0
-13 49 -17 0
-23 -18 -58 0
-7 -51 53 0
-40 8 -52 0
-24 2 33 0
24 20 -33 0
47 32 2 0
5 22 21 0
-17 37 -48 0
-4 23 14 0
35 -43 24 0
2 -28 13 0
3 -1 22 0
-1 58 23 0
-48 -34 -41 0
-11 30 -25 0
17 -57 -41 0
-7 -33 -37 0
37 -58 -29 0
-5 -43 -47 0
-24 -20 14 0
52 13 5 0
-43 -9 12 0
-19 55 -21 0
-1 -6 55 0
9 -16 32 0
-45 44 39 0
42 -21 27 0
49 -32 13 0
40 -14 -30 0
-52 10 40 0
56 -11 2 0
-6 36 -30 0
28 23 35 0
1 -49 -43 0
52 -1 -4 0
16 26 -23 0
29 10 23 0
-50 -48 -36 0
-27 -52 8 0
-6 -41 1 0
-13 -47 16 0
-40 -6 -23 0
-39 51 -21 0
30 24 -8 0
2 -43 -4 0
-37 36 -49 0
-50 -24 36 0
56 -14 58 0
-36 -6 48 0
14 -2 -29 0
-9 -3 26 0
-38 -47 56 0
57 43 11 0
19 36 1 0
-45 -26 -6 0
-10 -54 18 0
-27 3 -11 0
-32 22 10 0
-43 -55 5 0
-1 -29 -8 0
-47 -33 -45 0
6 -43 -13 0
-6 -42 4 0
-19 50 -38 0
10 8 -15 0
-21 38 -47 0
-60 41 36 0
-7 1 -22 0
29 -8 53 0
-41 -25 8 0
41 -54 -2 0
-3 -18 39 0
14 22 41 0
33 -21 -55 0
10 20 19 0
1 22 42 0
-9 43 -45 0
10 -51 22 0
56 27 -3 0
-28 49 -17 0
-15 -41 43 0
-57 26 -4 0
57 -46 10 0
-43 -10 38 0
43 -11 -39 0
8 46 -23 0
33 10 3 0
31 -55 -54 0
-33 -59 -16 0
-41 -18 4 0
-30 23 35 0
11 -4 -54 0
24 38 -57 0
-26 -29 -19 0
2 49 -25 0
23 59 -54 0
-22 10 1 0
14 -56 -54 0
5 -2 37 0
-33 -5 48 0
27 -24 -45 0
23 10 -13 0
-32 49 56 0
-60 -52 -1 0
-12 36 25 0
-29 9 -57 0
-23 -22 -26 0
43 -17 19 0
44 -31 21 0
10 -56 34 0
-40 -60 -28 0
51 7 -42 0
60 -37 5 0
-26 19 25 0
59 -18 23 0
23 54 10 0
-4 -52 -45 0
14 17 39 0
38 11 2 0
20 27 48 0
-50 -5 -35 0
21 38 -53 0
-57 37 -33 0
35 56 1 0
-23 -19 -7 0
-51 -40 56 0
33 55 -17 0
-19 -54 -12 0
36 -48 -39 0
51 21 24 0
43 40 -6 0
8 -1 -58 0
-50 -57 17 0
-24 -1 -11 0
11 -12 -45 0
16 57 49 0
-11 52 -53 0
-7 -35 12 0
-19 10 9 0
41 51 9 0
6 60 39 0
-7 -46 -34 0
-42 -25 -23 0
-60 -44 -1 0
-51 58 -39 0
-25 -35 27 0
-53 28 -8 0
-25 -24 21 0
-59 -28 44 0
-17 57 51 0
45 10 -23 0
-55 6 47 0
-22 -13 55 0
19 52 -33 0
-54 39 -27 0
22 -59 -10 0
-45 12 23 0
-32 -50 44 0
-20 31 9 0
-4 -50 31 0
13 -29 41 0
47 27 -17 0
-18 37 -28 0
-6 40 38 0
-21 52 -20 0
-22 48 11 0
-38 41 12 0
52 7 -28 0
-43 -22 20 0
59 36 25 0
-1 9 39 0
51 -50 34 0
5 42 31 0
34 -26 -53 0
-58 6 43 0
-33 -1 -41 0
45 49 -24 0
-7 -28 38 0
-15 -35 -45 0
-21 -60 -52 0
-6 24 57 0
-36 -56 49 0
-21 -34 19 0
-42 41 16 0
26 24 -49 0
52 29 58 0
44 -33 -37 0
-44 -35 51 0
-38 -49 -19 0
38 60 -50 0
56 -31 11 0
10 -16 46 0
7 -27 -47 0
-19 58 28 0
-18 -41 -51 0
-26 8 -34 0
-45 -35 -59 0
-28 -39 60 0
5 46 60 0
-55 -21 35 0
-52 2 58 0
38 17 -40 0
-33 -40 -54 0
-19 50 26 0
-15 -45 44 0
15 -16 21 0
-18 -57 -29 0
-29 54 -24 0
23 19 5 0
-38 28 35 0
-4 -57 55 0
-17 -16 -18 0
21 -20 -26 0
-3 -45 50 0
32 48 -6 0
24 20 -33 0
60 -31 -52 0
31 27 5 0
-6 47 -27 0
-4 6 -20 0
-41 -5 46 0
43 -23 -33 0
14 4 -55 0
-60 34 38 0
50 -3 -59 0
26 -1 -57 0
44 -59 21 0
19 -13 -40 0
-42 35 11 0
35 -49 56 0
-47 22 18 0
16 -28 -17 0
-55 -15 11 0
-37 43 13 0
43 -20 42 0
16 -20 -34 0
3 -23 10 0
-54 -36 -26 0
6 58 -7 0
6 -44 -8 0
44 5 -6 0
3 -52 -43 0
-57 -32 -44 0
15 -18 52 0
-59 1 -8 0
-13 22 43 0
41 -16 -57 0
-26 55 34 0
-44 -37 27 0
-38 -4 -57 0
15 -49 -36 0
-30 -33 -39 0
-40 16 -46 0
59 4 -28 0
60 38 -25 0
-51 -41 -10 0
-42 41 -47 0
35 21 5 0
-17 -40 5 0
-6 -49 -50 0
21 53 -37 0
-49 9 -60 0
-14 56 19 0
47 23 -31 0
13 54 -31 0
46 -2 -36 0
-15 -3 45 0
56 60 7 0
-13 -40 -49 0
-32 -22 -42 0
-1 -19 23 0
46 4 -25 0
-2 -8 -31 0
-24 -44 6 0
-37 -51 -2 0
30 36 -24 0
-24 -19 -16 0
-40 -42 56 0
-53 -35 -49 0
-20 -35 -9 0
49 -50 18 0
11 14 57 0
27 18 -3 0
22 -51 50 0
8 47 -60 0
-13 -8 37 0
-40 13 2 0
25 50 33 0
6 -52 -35 0
55 47 -39 0
29 -27 36 0
56 40 20 0
44 21 -16 0
-47 10 -30 0
-59 -47 -56 0
34 12 -3 0
-28 10 -50 0
-11 -53 10 0
18 54 7 0
-33 -55 -50 0
1 -3 -22 0
-13 -53 -49 0
42 35 -46 0
51 -31 -26 0
21 -50 16 0
-33 42 -16 0
20 -10 -8 0
19 10 43 0
-6 -55 -5 0
-26 -47 -27 0
5 -55 -43 0
-34 -58 26 0
13 51 -1 0
47 -14 21 0
54 -53 42 0
-32 40 54 0
-38 -51 -11 0
20 8 58 0
-3 46 6 0
-43 -15 -9 0
-24 34 -27 0
38 -2 24 0
-18 -39 -36 0
-56 52 17 0
-17 -15 43 0
-37 38 -59 0
-53 21 -38 0
-43 32 -40 0
23 -41 35 0
3 30 -50 0
-3 -57 56 0
31 12 -49 0
5 -12 44 0
2 6 45 0
5 -45 -30 0
-2 -28 -55 0
4 -15 58 0
-5 -55 51 0
12 -48 9 0
-8 40 46 0
27 5 -6 0
-53 -40 -37 0
41 -44 -25 0
-53 -15 8 0
-46 -12 8 0
-50 -4 43 0
43 -45 30 0
-27 -15 -9 0
-58 55 -21 0
37 -20 -47 0
-50 -11 46 0
-42 -59 -2 0
32 -23 -31 0
12 6 -47 0
-45 -22 24 0
16 -60 21 0
40 -22 18 0
-40 -47 -33 0
45 -32 49 0
21 36 -50 0
31 8 58 0
39 30 2 0
-4 20 -32 0
21 29 44 0
45 -21 12 0
58 2 -11 0
49 -9 -28 0
6 42 -46 0
-47 -18 56 0
35 -27 32 0
-53 10 -12 0
60 15 47 0
-48 47 53 0
53 52 42 0
13 2 -33 0
-18 45 36 0
-24 20 42 0
-53 -8 52 0
-56 53 49 0
-34 18 -20 0
-41 56 -44 0
-39 -6 17 0
-20 -39 -6 0
13 11 -4 0
-11 36 -46 0
48 -28 21 0
-11 2 -51 0
3 28 -55 0
12 -24 29 0
45 56 29 0
-23 52 50 0
-30 25 -7 0
-1 36 -21 0
47 36 40 0
