public int populationSize = 35;
	public double crossoverProbability = 0.7;
	public double mutationProbability = 0.01;
	public int maxGeneration = 500;
	public int maxGenerationWithoutImprovement = maxGeneration / 4;
	public int tournamentCapacity = 5;
	public int sharedFitnessThreshold = 1;
0.5 249
0.51 250
0.52 252
0.53 253
0.54 251
0.55 259
0.56 250
0.5700000000000001 251
0.5800000000000001 250
0.5900000000000001 246
0.6000000000000001 245
0.6100000000000001 244
0.6200000000000001 254
0.6300000000000001 256
0.6400000000000001 248
0.6500000000000001 252
0.6600000000000001 255
0.6700000000000002 252
0.6800000000000002 249
0.6900000000000002 252
0.7000000000000002 252
0.7100000000000002 255
0.7200000000000002 257
0.7300000000000002 252
0.7400000000000002 252
0.7500000000000002 260
0.7600000000000002 253
0.7700000000000002 256
0.7800000000000002 248
0.7900000000000003 248
0.8000000000000003 251
0.8100000000000003 250
0.8200000000000003 251
0.8300000000000003 255
0.8400000000000003 246
0.8500000000000003 255
0.8600000000000003 252
0.8700000000000003 243
0.8800000000000003 259
0.8900000000000003 257
0.9000000000000004 250
0.9100000000000004 241
0.9200000000000004 257
0.9300000000000004 251
0.9400000000000004 252
0.9500000000000004 253
0.9600000000000004 253
0.9700000000000004 252
0.9800000000000004 250